2865 3254 
951 3716 
3341 3170 
1619 2896 
617 2958 
2927 3068 
1925 3386 
3403 1992 
1921 2630 
3783 2676 
541 1650 
1155 2080 
1689 3870 
2847 3948 
1813 3658 
1499 3800 
1521 3286 
3799 2660 
2605 3938 
3731 1296 
2185 910 
1647 3324 
1541 1978 
1771 2952 
3105 38 
2375 2996 
349 3666 
1731 1440 
3577 3326 
63 1324 
3765 3562 
603 600 
2993 1366 
1271 3204 
3021 2018 
2323 3632 
1257 3278 
2895 508 
3781 1242 
139 3304 
1633 1670 
1287 3476 
1661 2802 
1763 288 
3897 318 
2847 588 
1717 778 
475 2104 
2385 2806 
343 1636 
3885 1410 
3123 1840 
2825 3406 
1423 92 
2373 3930 
555 3240 
1473 2694 
3783 212 
2781 1650 
3 2752 
3033 926 
767 3788 
1525 3530 
2363 1816 
177 2038 
3863 452 
1805 706 
2259 240 
1961 3758 
207 1052 
709 442 
2763 1576 
1377 3750 
999 1748 
2621 3154 
1603 640 
3801 3998 
1855 3532 
3765 3690 
507 568 
1745 1558 
3607 3300 
1997 1090 
851 2480 
2281 270 
1743 220 
2789 3418 
907 1864 
3937 1190 
647 3188 
1053 3442 
1411 1792 
1561 1502 
3071 524 
917 2314 
251 3928 
2193 630 
2871 3684 
3693 2690 
3827 3536 
1129 238 
1103 3932 
2277 3034 
2827 2984 
1825 1190 
1959 84 
3613 1938 
675 672 
1049 1118 
1951 2380 
3477 458 
635 3736 
817 2582 
823 964 
2381 226 
755 2768 
41 782 
1231 28 
2149 1818 
2763 2440 
257 1638 
743 2900 
445 306 
2339 128 
2841 3998 
3199 2220 
2197 1066 
3099 568 